P_FuturePlotPeriod = 30;
P_Production = true;
P_LongMax = 9223372036854775807;